8384512
8384512
8384512
8384512
8384512
8384512
8384512
8384512
8384512
8384512
8384512
8384512
8384512
8384512
8384512
8384512
8384512
8384512
8384512
10481664
10481664
10481664
10481664
10481664
10481664
10481664
10481664
10481664
10481664
10481664
10481664
10481664
10481664
10481664
10481664
10481664
10481664
10481664
10481664
10481664
10481664
10481664
10481664
10481664
10481664
10481664
10481664
10481664
10481664
10481664
10481664
10481664
10481664
10481664
10481664
10481664
10481664
10481664
10481664
10481664
10481664
10481664
10481664
10481664
10481664
10481664
10481664
10481664
10481664
10481664
10481664
10481664
10481664
10481664
10481664
10481664
10481664
10481664
10481664
10481664
10481664
10481664
10481664
10481664
10481664
10481664
10481664
10481664
10481664
10481664
10481664
10481664
10481664
10481664
10481664
10481664
10481664
10481664
10481664
10481664
